	int[] freqtable = {
		9734, 8072, 1037, 4154, 2521, 1475, 517, 17, 9752, 8293, 1360, 4624, 1304, 3134, 4063, 2058, 3875, 9891, 4090, 1593, 2799, 3626, 2035, 6396, 9431, 9032, 2224, 6788, 1839, 559, 6502, 9610, 9918, 2680, 1419, 4716, 5635, 795, 6299, 2192, 5323, 9294, 7617, 9090, 2069, 132, 866, 2504, 6969, 1033, 
		4076, 5665, 2587, 959, 8911, 7699, 1440, 137, 3537, 647, 8307, 8727, 3246, 8751, 654, 5109, 895, 5062, 1045, 9465, 5237, 6253, 4653, 2651, 5344, 8080, 2121, 1929, 5938, 8209, 4216, 6085, 5160, 5115, 6678, 5953, 8051, 7180, 9637, 7322, 3280, 7080, 4110, 2990, 6497, 6868, 3473, 3552, 9463, 8488, 
		6469, 9750, 722, 7241, 6941, 6415, 6998, 4147, 20, 1140, 6989, 1163, 2789, 1745, 1708, 6793, 7128, 7705, 3044, 6132, 7455, 9963, 6391, 4413, 8399, 3397, 9627, 2317, 878, 5084, 5529, 151, 4715, 3303, 4622, 8815, 6742, 8818, 3442, 5913, 5330, 8406, 7093, 4701, 4003, 3986, 5208, 7372, 8962, 5029, 
		2772, 260, 4363, 5092, 9470, 3326, 1886, 8803, 3953, 8903, 6084, 797, 4051, 242, 5896, 9962, 7065, 3312, 8445, 7444, 4958, 1471, 7364, 9237, 7787, 540, 5210, 4989, 6852, 8706, 8177, 1428, 9502, 1887, 5387, 1855, 3224, 5504, 6357, 4575, 8006, 6289, 931, 9947, 726, 8306, 3154, 4006, 4760, 7775, 
		8800, 3258, 4831, 1609, 1228, 8572, 7116, 9979, 8831, 8534, 5770, 492, 4470, 4049, 2214, 4906, 1343, 7257, 5851, 2359, 8411, 5453, 4992, 2264, 710, 390, 5573, 9814, 5752, 3815, 4875, 3229, 5660, 2763, 1052, 8536, 5536, 9148, 4354, 2594, 9033, 4200, 9742, 3638, 783, 8603, 1713, 1058, 2269, 7324, 
		5839, 856, 7892, 4681, 3327, 2081, 1125, 322, 2466, 6544, 7292, 9585, 6978, 7087, 6486, 86, 2464, 7645, 9247, 2107, 1294, 4820, 217, 5867, 5302, 3758, 3664, 8920, 6045, 4357, 269, 750, 1010, 5090, 7980, 5740, 5736, 3995, 3510, 9477, 3243, 8708, 7502, 7311, 4400, 8544, 5042, 9893, 3262, 9452, 
		233, 7951, 8017, 4953, 8469, 9535, 6888, 9496, 2798, 2309, 3097, 3418, 7584, 3765, 1651, 5882, 920, 2036, 8136, 3746, 9837, 6949, 4999, 4931, 6353, 9904, 9843, 4709, 5203, 9274, 1261, 7252, 5619, 6766, 6297, 7510, 4905, 8650, 7950, 7811, 2011, 1630, 2119, 8816, 4683, 1877, 8908, 9920, 6327, 5713, 
		8618, 6224, 7242, 7451, 2427, 615, 2915, 7330, 8988, 7607, 6120, 979, 7067, 2586, 7689, 6395, 9972, 8439, 9587, 9095, 6363, 3104, 6995, 9134, 7258, 6571, 9031, 2271, 8372, 1028, 495, 5814, 6273, 508, 9953, 7339, 1068, 254, 3568, 2730, 6288, 9960, 5080, 2764, 5372, 2944, 6439, 8887, 5762, 6482, 
		5784, 6677, 6494, 6001, 8173, 4852, 6574, 9968, 9650, 3443, 4616, 9055, 2982, 1378, 1352, 6943, 9783, 3192, 4996, 6764, 6531, 3371, 1538, 590, 2646, 5161, 3878, 4548, 8383, 3619, 2375, 9440, 1688, 7540, 9437, 4426, 8320, 4879, 3605, 5967, 1583, 3205, 8402, 7483, 2575, 4609, 5878, 393, 3040, 7297, 
		3540, 1996, 6151, 7413, 9429, 3404, 1189, 5772, 7711, 9494, 1954, 4698, 2565, 8781, 9687, 3556, 1767, 1485, 7590, 8984, 8028, 4948, 3550, 9144, 7528, 7558, 6658, 1042, 7700, 1114, 9077, 2699, 1337, 9710, 2738, 3667, 8699, 32, 6861, 5278, 7743, 1844, 6195, 2293, 7759, 1548, 7078, 9168, 7895, 5450, 
		2913, 4318, 9685, 112, 7954, 6533, 5521, 5051, 1099, 1183, 811, 7396, 9908, 2499, 9809, 8976, 9767, 7520, 5297, 8830, 2892, 8374, 2038, 3661, 6399, 8285, 7852, 3125, 1108, 505, 4638, 6099, 4334, 4619, 9366, 417, 9099, 4056, 4010, 9405, 3637, 2478, 9309, 407, 136, 8359, 7747, 1111, 6275, 2720, 
		6308, 2974, 2063, 1191, 7854, 9708, 6516, 6795, 1803, 4036, 703, 6760, 4209, 8454, 7021, 7993, 9807, 7303, 799, 9167, 9184, 5544, 8509, 72, 6613, 9020, 8862, 1120, 4242, 7546, 6879, 2188, 8349, 34, 9156, 8493, 372, 2212, 728, 5783, 2914, 2787, 7731, 6982, 4898, 9310, 2875, 7300, 4870, 8579, 
		4718, 6483, 6796, 6911, 2400, 5894, 9768, 3561, 9581, 3199, 8489, 6346, 3814, 4628, 8805, 512, 6027, 7015, 9600, 4353, 9943, 3136, 3802, 596, 9183, 7710, 1881, 5026, 8574, 2717, 818, 8795, 4765, 4711, 5035, 6825, 2190, 6858, 2337, 2088, 1703, 4501, 8771, 8845, 821, 4377, 7822, 7348, 7937, 4888, 
		6139, 7017, 9349, 4800, 8225, 7798, 4588, 9258, 5132, 6991, 6459, 4553, 7374, 3024, 1565, 7657, 3098, 5119, 9500, 6071, 1285, 3686, 8543, 7636, 3121, 3110, 9301, 8338, 8242, 744, 5779, 3781, 8447, 5764, 6325, 8906, 8472, 8457, 9478, 248, 3495, 6657, 3969, 2022, 5142, 2758, 3598, 8332, 3467, 5796, 
		5377, 3951, 2839, 5043, 5155, 5534, 602, 7076, 5530, 9248, 7509, 4314, 3109, 3063, 6908, 1372, 8498, 1321, 8709, 7801, 5681, 4410, 8633, 976, 9925, 5291, 6746, 1575, 9666, 6187, 5502, 5129, 8558, 4510, 5537, 3555, 1198, 6292, 5639, 6030, 6980, 2246, 8606, 9762, 5338, 7031, 8132, 9034, 2397, 8451, 
		5888, 9950, 8234, 465, 7629, 3066, 5996, 4997, 9800, 6231, 4086, 9506, 8905, 8120, 7091, 6624, 4211, 8786, 2382, 6491, 6375, 203, 3021, 2313, 4388, 8409, 6855, 7143, 8588, 1303, 1050, 1771, 9611, 2182, 5679, 8704, 8623, 7568, 9109, 6369, 6271, 3260, 3358, 5182, 1721, 635, 96, 8212, 9985, 9081, 
		1802, 7901, 200, 5695, 5592, 4103, 8602, 4664, 4126, 5782, 9178, 2297, 6645, 9333, 8204, 1190, 5483, 5307, 768, 5563, 9910, 26, 7, 9696, 4829, 2483, 4921, 1933, 8846, 8508, 5625, 4225, 5351, 597, 7903, 4746, 8584, 6597, 4492, 8810, 7390, 2750, 4064, 4395, 2537, 4078, 3567, 9011, 7873, 9158, 
		1720, 8312, 5744, 2291, 6072, 3643, 7367, 4304, 8400, 4777, 6964, 1131, 8770, 5858, 2780, 9798, 3535, 5645, 5361, 1184, 8427, 7683, 6777, 604, 2158, 2820, 1946, 4786, 3692, 5721, 2123, 3959, 47, 4530, 2206, 779, 7831, 8685, 4134, 4230, 762, 3227, 9087, 1664, 5998, 9695, 5254, 9377, 5842, 2420, 
		2568, 3542, 9351, 7476, 4223, 917, 7366, 1789, 7310, 9461, 6285, 7738, 7555, 9420, 5491, 7095, 8286, 6684, 599, 2567, 6683, 5475, 594, 2898, 7294, 6919, 7640, 7346, 935, 399, 4741, 6932, 1788, 6759, 8993, 6548, 6242, 3058, 5048, 2901, 715, 5768, 5690, 204, 7291, 4736, 6950, 190, 6306, 9458, 
		7262, 6155, 5579, 751, 5798, 3589, 5193, 9857, 4842, 8015, 5511, 4802, 7409, 8516, 5524, 7429, 9372, 7136, 7500, 9342, 2350, 6738, 6471, 8087, 740, 1571, 2748, 7912, 4841, 3924, 1115, 9690, 636, 7214, 3977, 4601, 207, 5910, 9398, 7122, 2179, 4105, 9789, 2615, 6601, 470, 7647, 9275, 6250, 968, 
		5157, 9944, 2617, 2258, 4447, 5686, 445, 7534, 6853, 5822, 5856, 9646, 9438, 5714, 8790, 8801, 2635, 3401, 4427, 2714, 7299, 1021, 311, 2196, 588, 8884, 9487, 6435, 8289, 9793, 973, 1631, 8949, 7190, 2890, 4610, 9896, 2110, 8496, 6277, 7703, 4082, 1402, 9460, 1160, 5757, 2061, 8244, 6619, 5429, 
		3789, 7068, 2554, 3597, 898, 7513, 7774, 583, 7985, 3674, 905, 7773, 4559, 6994, 7375, 3272, 6447, 2625, 5838, 6048, 7589, 7102, 4659, 1117, 5864, 6416, 2476, 6856, 1751, 1118, 2225, 7259, 8614, 9245, 1501, 2114, 2980, 3832, 3102, 7119, 428, 5800, 516, 6586, 1893, 2546, 3013, 1310, 9569, 6387, 
		2073, 6811, 1341, 9086, 9987, 1981, 9522, 794, 4359, 3261, 7848, 6145, 3018, 5442, 6017, 5148, 6336, 1421, 1722, 9854, 3609, 3894, 2826, 4569, 3464, 7206, 6663, 4908, 8172, 5895, 7070, 6679, 2262, 2627, 3716, 3604, 4473, 7427, 5972, 2850, 1640, 7465, 2513, 5971, 8886, 9674, 8902, 1263, 6792, 5059, 
		9620, 9459, 4125, 3922, 1916, 3913, 1393, 3577, 8714, 3518, 8122, 4299, 1858, 9039, 3386, 6115, 4865, 9719, 8560, 5135, 3497, 8765, 5, 532, 3884, 4857, 9121, 1823, 9141, 5811, 8356, 8261, 664, 9927, 3168, 4731, 822, 4982, 2284, 9839, 406, 2152, 2572, 9986, 648, 9781, 5346, 6769, 7137, 8045, 
		5314, 9969, 7618, 1324, 6235, 7633, 8098, 3011, 453, 9078, 9937, 8549, 9840, 3275, 2007, 8994, 5598, 7011, 4654, 6419, 7261, 7467, 9801, 284, 3078, 9688, 1863, 9028, 2564, 8124, 5223, 673, 455, 446, 6457, 8501, 1248, 4611, 5407, 7953, 9628, 8419, 9802, 2707, 3890, 1257, 6023, 2776, 8459, 6418, 
		7420, 9978, 4769, 2908, 5876, 5151, 924, 3480, 1391, 2146, 2879, 6083, 1104, 6647, 3539, 336, 1755, 2237, 1757, 5767, 3837, 1467, 403, 4181, 5999, 7749, 842, 7886, 9311, 8842, 5589, 6953, 7433, 3434, 2373, 5446, 6691, 3488, 9699, 8759, 7563, 2304, 80, 419, 1529, 3490, 2060, 629, 2925, 3843, 
		7921, 6184, 8155, 7577, 6420, 7849, 6450, 2240, 6458, 5017, 4378, 3478, 9790, 6328, 9844, 1034, 2942, 5750, 6938, 7878, 6578, 9251, 9225, 5615, 6101, 881, 9122, 5986, 5288, 9048, 1759, 1143, 3912, 8891, 2217, 5205, 6748, 9490, 9736, 8640, 7445, 4335, 6634, 9797, 1072, 4725, 6220, 1022, 5827, 6713, 
		5392, 9415, 1292, 2004, 2995, 9217, 4942, 1603, 9621, 9108, 6168, 5343, 5694, 4927, 1589, 9869, 8899, 6259, 3270, 2902, 143, 2834, 8140, 4401, 7778, 2766, 686, 2252, 5279, 6513, 1332, 5113, 2051, 5494, 846, 2852, 501, 3392, 9641, 6280, 3338, 4874, 3231, 6751, 8430, 9952, 4675, 2907, 5675, 8702, 
		3301, 6123, 179, 5222, 6846, 1822, 4967, 8675, 9991, 1522, 3306, 7156, 8721, 4381, 73, 2273, 581, 3997, 1975, 4155, 2621, 3696, 2028, 9267, 4215, 85, 1062, 4789, 1373, 2201, 5451, 3640, 8882, 7412, 8507, 5374, 3089, 2055, 2180, 8745, 231, 2887, 328, 8104, 618, 6918, 1301, 3585, 4292, 9316, 
		1949, 668, 6018, 5134, 7957, 1638, 4670, 7201, 9776, 4203, 8394, 504, 9454, 5701, 7938, 8892, 7105, 6279, 9864, 8612, 7619, 8670, 4190, 9264, 9226, 1765, 6215, 8941, 6432, 7368, 1168, 4599, 5324, 4313, 7920, 7448, 3851, 4207, 9332, 7551, 8150, 4699, 9623, 7732, 8031, 9353, 6437, 7656, 4743, 8044, 
		1679, 1530, 9673, 3385, 4315, 1633, 2099, 6621, 2328, 7853, 6417, 3211, 119, 8135, 3806, 9201, 6227, 7653, 4153, 222, 7806, 4455, 4595, 251, 8814, 5643, 2116, 2897, 210, 5435, 293, 4724, 587, 7225, 7674, 7443, 6112, 8580, 6362, 5136, 4234, 2001, 7761, 9746, 7523, 8236, 7641, 2445, 2883, 5295, 
		8974, 3400, 3086, 3887, 3915, 8686, 3277, 8657, 9030, 9921, 4032, 3665, 2827, 3658, 9059, 6118, 6692, 2086, 7458, 1903, 7960, 836, 3435, 9439, 8499, 7025, 1205, 8270, 5215, 2821, 1167, 2052, 6157, 5434, 6019, 1339, 9152, 1390, 7012, 5227, 2947, 9350, 4253, 930, 2161, 4179, 5437, 4713, 2823, 6304, 
		8871, 4901, 1214, 5880, 1012, 6182, 9558, 9630, 9606, 6043, 5682, 9705, 256, 4481, 7473, 4348, 8542, 9369, 6380, 126, 2148, 4515, 9981, 8945, 113, 1853, 3623, 8928, 6041, 6917, 4053, 9473, 8557, 1368, 9982, 7345, 8986, 2989, 1781, 1890, 1586, 8442, 5760, 909, 440, 3547, 9976, 5885, 8012, 3381, 
		7900, 8280, 4231, 3892, 1935, 1349, 9041, 7586, 7977, 4095, 5912, 5236, 4871, 9727, 6519, 6214, 6871, 6004, 5417, 7706, 1249, 4774, 483, 9236, 6425, 8424, 9541, 3144, 8628, 7712, 9282, 4973, 6337, 1318, 4027, 7583, 3471, 472, 7668, 4813, 1993, 7351, 8024, 9466, 6140, 6056, 3903, 2305, 8268, 1327, 
		2905, 8319, 6880, 4734, 554, 5009, 5371, 6672, 7999, 8680, 2765, 3756, 1986, 3933, 5152, 9605, 9647, 6158, 5761, 1870, 2880, 8133, 752, 3905, 7782, 2423, 8478, 6330, 7802, 8247, 6272, 9232, 4252, 4259, 3536, 1793, 6822, 3826, 4516, 6426, 3678, 680, 3850, 7876, 7772, 9040, 169, 9140, 3916, 4017, 
		3996, 184, 9043, 5457, 6305, 4937, 2613, 110, 6379, 9026, 5241, 466, 7927, 1643, 1985, 2343, 6122, 815, 3357, 1758, 6016, 4578, 4810, 2585, 1240, 4780, 5147, 9823, 8282, 4336, 9007, 2277, 6070, 1884, 9426, 8880, 9613, 6555, 5934, 4762, 9955, 2210, 8112, 2808, 6827, 6205, 3218, 7099, 844, 3538, 
		3762, 6165, 9312, 5966, 6091, 5266, 1552, 609, 4068, 1749, 9505, 9374, 7650, 8179, 5962, 7253, 4759, 1264, 7026, 8077, 915, 421, 5085, 3349, 3207, 6178, 8434, 229, 2845, 7595, 8040, 7421, 9408, 2524, 108, 4902, 5806, 9792, 6121, 5980, 65, 7284, 9364, 5813, 4539, 2744, 9596, 4317, 7925, 4228, 
		7634, 3793, 3976, 7680, 2987, 5662, 7851, 1245, 1489, 2877, 992, 1315, 8809, 3795, 6933, 5749, 8586, 872, 7557, 4583, 8256, 7955, 2331, 1323, 5130, 8627, 449, 7033, 6682, 7529, 7005, 5547, 5180, 1220, 5632, 9779, 4740, 67, 8026, 5384, 27, 3512, 7812, 5189, 919, 3639, 5381, 8639, 1113, 4763, 
		1572, 5174, 1217, 8398, 1908, 848, 30, 3653, 6851, 7514, 7940, 5100, 9533, 8645, 8446, 1340, 9830, 5650, 379, 8192, 9994, 9829, 4542, 6997, 9711, 2725, 4963, 1231, 1179, 7001, 2806, 5735, 1502, 4438, 3734, 9796, 7181, 9867, 1911, 688, 8894, 6832, 8428, 3926, 2459, 4700, 6164, 3848, 5960, 2767, 
		9999, 9957, 6815, 7343, 3237, 6378, 781, 4248, 8518, 5642, 9170, 3019, 5082, 6628, 7142, 138, 2929, 6936, 8804, 7380, 9360, 9021, 6351, 5792, 5955, 3279, 7222, 4673, 9842, 7981, 2945, 5124, 5712, 5862, 2505, 368, 5928, 5449, 7371, 9545, 7264, 7663, 2692, 7846, 5424, 6166, 1464, 3622, 5221, 2303, 
		8344, 183, 1295, 7098, 2257, 9053, 8130, 3332, 8551, 9624, 2, 9714, 6753, 828, 9025, 8744, 5909, 335, 4613, 6465, 9597, 687, 1234, 9103, 2603, 7671, 6124, 5469, 5833, 1192, 6521, 5188, 7365, 4358, 208, 274, 1069, 9919, 1990, 1715, 8413, 3244, 2381, 6970, 8065, 5566, 8074, 8032, 7599, 845, 
		6783, 8336, 6216, 1470, 8768, 6843, 1353, 2836, 9014, 2569, 1449, 5879, 518, 7675, 9657, 5391, 9556, 7792, 8449, 5394, 9188, 444, 4896, 4824, 7016, 6985, 7730, 2245, 408, 412, 1060, 2388, 5046, 8229, 5468, 8881, 9181, 3311, 2117, 9589, 519, 8525, 4537, 5973, 3931, 4235, 861, 5094, 9651, 8029, 
		7004, 7651, 8683, 1503, 565, 1147, 8353, 7423, 627, 9085, 8450, 461, 128, 4546, 152, 7518, 367, 3107, 4849, 4172, 1556, 8885, 135, 9292, 3351, 8559, 1424, 9230, 6625, 6183, 9835, 9262, 3051, 49, 7338, 1963, 4818, 1525, 9825, 8429, 6160, 8426, 8637, 7460, 9693, 50, 6587, 9395, 5378, 2687, 
		997, 3178, 2172, 4520, 3840, 5641, 1866, 1427, 2891, 5799, 2135, 5312, 2869, 3904, 148, 883, 4127, 3656, 6696, 8605, 1453, 1313, 4983, 244, 3530, 4151, 3689, 632, 8358, 9268, 8237, 3384, 1064, 1622, 227, 4374, 3582, 2951, 6697, 6823, 7860, 8777, 912, 4227, 2508, 9107, 1778, 5958, 8849, 8694, 
		6400, 574, 5037, 7491, 3999, 5977, 7081, 8539, 3336, 3302, 7079, 8958, 3513, 9497, 1684, 5855, 8789, 4042, 1171, 6281, 8644, 6176, 7314, 1734, 6320, 7154, 4867, 1070, 1001, 5562, 3952, 4604, 1526, 9199, 7893, 6146, 4975, 8297, 1786, 3240, 7986, 2958, 1396, 549, 3583, 3594, 331, 6226, 8931, 1874, 
		2932, 5661, 7664, 9348, 5719, 9838, 8462, 4415, 6689, 1812, 7770, 4893, 5821, 6504, 7161, 3120, 385, 5131, 595, 2912, 3683, 4648, 8581, 9878, 8185, 4689, 4929, 3573, 347, 1821, 1381, 784, 6150, 7179, 7874, 6191, 4310, 9906, 708, 7075, 3190, 6633, 990, 4876, 9022, 6431, 4808, 9393, 4916, 4533, 
		4112, 2124, 7059, 3214, 6248, 656, 303, 3212, 5987, 2769, 5326, 3982, 178, 958, 7199, 6838, 7627, 273, 529, 6876, 4985, 9513, 6252, 1632, 7263, 6957, 9743, 8195, 9665, 9149, 2854, 7272, 7662, 5117, 961, 7871, 8752, 5605, 1044, 3778, 6558, 1296, 9137, 2122, 1328, 1777, 4656, 3745, 5081, 9662, 
		8228, 4940, 1084, 5471, 6388, 6944, 3743, 646, 1618, 7783, 1043, 3368, 660, 2718, 4782, 5525, 6942, 689, 3801, 1590, 1809, 7907, 7896, 2393, 1258, 2227, 473, 8629, 1392, 8337, 4933, 1376, 9414, 4186, 7073, 5360, 2294, 3405, 389, 3606, 6078, 7393, 684, 3946, 5941, 891, 9863, 9050, 9833, 7211, 
		2230, 9434, 3090, 6690, 1382, 2389, 5023, 7317, 3958, 6278, 8792, 9175, 6859, 2924, 607, 5150, 1691, 8638, 3657, 3909, 9132, 9306, 782, 9407, 6314, 6816, 1358, 4897, 3339, 765, 6376, 1995, 8480, 2472, 3374, 5250, 6467, 4024, 6752, 4868, 9966, 571, 46, 6585, 8199, 524, 7039, 3304, 5057, 7177, 
		5746, 8934, 5684, 9846, 1133, 1805, 9612, 7891, 5902, 6695, 9411, 1200, 8798, 7486, 4514, 4770, 361, 6033, 4652, 262, 6745, 5542, 603, 4255, 5240, 1239, 3105, 290, 9089, 3709, 6464, 8090, 3974, 7468, 4518, 7924, 5924, 2644, 7023, 1230, 7628, 369, 2404, 6946, 8722, 4682, 7309, 4949, 6348, 8389, 
		5520, 7594, 4333, 2366, 6506, 9254, 9774, 5978, 352, 7251, 4732, 1592, 3176, 401, 6829, 5989, 1940, 9281, 7504, 2950, 4568, 4687, 5139, 3930, 2647, 1685, 1764, 2927, 9023, 7359, 1389, 7631, 7945, 3842, 8646, 2175, 2267, 3316, 4075, 561, 3233, 913, 9221, 2434, 2010, 9872, 562, 7946, 938, 1244, 
		6902, 9702, 2628, 9849, 1488, 7223, 5727, 4753, 6382, 1047, 5398, 9000, 6681, 9345, 7395, 7086, 705, 6245, 8827, 6460, 7260, 8009, 4058, 7817, 2674, 1939, 6881, 5197, 855, 6898, 3491, 378, 3739, 6433, 6892, 1827, 3627, 4694, 774, 7090, 91, 6565, 4859, 8647, 9859, 7464, 9396, 550, 8531, 1555, 
	};